  00000000011111111112222222222333333333344444444445555555555666666666677777777778
  12345678901234567890123456789012345678901234567890123456789012345678901234567890
01                    ----------------------------------------                                                              	         	     					
02                                                                                                                                 
03                               32-48                                     					 
04                                                                                                                       
05                                                                                                                                                                                                                                                                  
06                                          
07                                                                                          
08                                                                                    
09                                                                          
10                                                                              
11                                                                                     
12    
13    
14    
15                
16                                    
17                                                
18                                                            
19                                                                          
20                                                          
21                                                          
22                                                                      
23                                                          
24                                                                        
25                                                                        